| Feature                       | Group               |         Min |        Max |     Mean |      Std |   Median |      Q25 |      Q75 |
|-------------------------------|---------------------|-------------|------------|----------|----------|----------|----------|----------|
| Ag                            | CHEM                |      0      |     0.6663 |   0.0108 |   0.0542 |   0      |   0      |   0      |
| Al                            | CHEM                |      0      |     0.4    |   0.0085 |   0.0329 |   0      |   0      |   0      |
| As                            | CHEM                |      0      |     0.8829 |   0.0215 |   0.0848 |   0      |   0      |   0      |
| B                             | CHEM                |      0      |     0.695  |   0.0498 |   0.1006 |   0      |   0      |   0      |
| Ba                            | CHEM                |      0      |     0.391  |   0.0104 |   0.0341 |   0      |   0      |   0      |
| Be                            | CHEM                |      0      |     0.4681 |   0.0022 |   0.0208 |   0      |   0      |   0      |
| Bi                            | CHEM                |      0      |     0.4    |   0.0096 |   0.0427 |   0      |   0      |   0      |
| Br                            | CHEM                |      0      |     0.744  |   0.007  |   0.0598 |   0      |   0      |   0      |
| Ca                            | CHEM                |      0      |     0.3952 |   0.0059 |   0.0279 |   0      |   0      |   0      |
| Cd                            | CHEM                |      0      |     0.4985 |   0.0054 |   0.0286 |   0      |   0      |   0      |
| Ce                            | CHEM                |      0      |     0.1002 |   0.0001 |   0.0026 |   0      |   0      |   0      |
| Cl                            | CHEM                |      0      |     0.75   |   0.0062 |   0.0534 |   0      |   0      |   0      |
| Co                            | CHEM                |      0      |     0.3267 |   0.0006 |   0.0092 |   0      |   0      |   0      |
| Cr                            | CHEM                |      0      |     0.1833 |   0.0003 |   0.0053 |   0      |   0      |   0      |
| Cs                            | CHEM                |      0      |     0.4693 |   0.0023 |   0.0216 |   0      |   0      |   0      |
| Cu                            | CHEM                |      0      |     0.5    |   0.0042 |   0.0305 |   0      |   0      |   0      |
| Dy                            | CHEM                |      0      |     0.1463 |   0.0001 |   0.0032 |   0      |   0      |   0      |
| Er                            | CHEM                |      0      |     0.1528 |   0.0001 |   0.0035 |   0      |   0      |   0      |
| Eu                            | CHEM                |      0      |     0.344  |   0.0001 |   0.0041 |   0      |   0      |   0      |
| F                             | CHEM                |      0      |     0.7919 |   0.0313 |   0.1327 |   0      |   0      |   0      |
| Fe                            | CHEM                |      0      |     0.3081 |   0.0026 |   0.0189 |   0      |   0      |   0      |
| Ga                            | CHEM                |      0      |     0.3821 |   0.0092 |   0.0382 |   0      |   0      |   0      |
| Gd                            | CHEM                |      0      |     0.249  |   0.0005 |   0.0081 |   0      |   0      |   0      |
| Ge                            | CHEM                |      0      |     1      |   0.042  |   0.092  |   0      |   0      |   0      |
| H                             | CHEM                |      0      |     0.5743 |   0.0005 |   0.0079 |   0      |   0      |   0      |
| Hf                            | CHEM                |      0      |     0.1837 |   0.0004 |   0.0074 |   0      |   0      |   0      |
| Hg                            | CHEM                |      0      |     0.4488 |   0.0012 |   0.0133 |   0      |   0      |   0      |
| Ho                            | CHEM                |      0      |     0.1541 |   0.0001 |   0.0028 |   0      |   0      |   0      |
| I                             | CHEM                |      0      |     0.707  |   0.0119 |   0.0597 |   0      |   0      |   0      |
| In                            | CHEM                |      0      |     0.3    |   0.0018 |   0.0149 |   0      |   0      |   0      |
| K                             | CHEM                |      0      |     0.5932 |   0.0108 |   0.0449 |   0      |   0      |   0      |
| La                            | CHEM                |      0      |     0.36   |   0.0031 |   0.0181 |   0      |   0      |   0      |
| Li                            | CHEM                |      0      |     0.5555 |   0.0107 |   0.0464 |   0      |   0      |   0      |
| Lu                            | CHEM                |      0      |     0.1302 |   0.0001 |   0.0024 |   0      |   0      |   0      |
| Mg                            | CHEM                |      0      |     0.4456 |   0.0035 |   0.0224 |   0      |   0      |   0      |
| Mn                            | CHEM                |      0      |     0.3622 |   0.0022 |   0.0174 |   0      |   0      |   0      |
| Mo                            | CHEM                |      0      |     0.2364 |   0.0022 |   0.0157 |   0      |   0      |   0      |
| N                             | CHEM                |      0      |     0.5109 |   0.0002 |   0.0099 |   0      |   0      |   0      |
| Na                            | CHEM                |      0      |     0.6656 |   0.0148 |   0.0537 |   0      |   0      |   0      |
| Nb                            | CHEM                |      0      |     0.2769 |   0.0034 |   0.0213 |   0      |   0      |   0      |
| Nd                            | CHEM                |      0      |     0.2301 |   0.0005 |   0.0073 |   0      |   0      |   0      |
| Ni                            | CHEM                |      0      |     0.3077 |   0.0003 |   0.0059 |   0      |   0      |   0      |
| O                             | CHEM                |      0      |     0.75   |   0.4325 |   0.2701 |   0.5742 |   0      |   0.6247 |
| P                             | CHEM                |      0      |     0.9032 |   0.0226 |   0.0614 |   0      |   0      |   0      |
| Pb                            | CHEM                |      0      |     0.4639 |   0.0146 |   0.0518 |   0      |   0      |   0      |
| Pr                            | CHEM                |      0      |     0.138  |   0.0001 |   0.0024 |   0      |   0      |   0      |
| Rb                            | CHEM                |      0      |     0.4693 |   0.0013 |   0.0168 |   0      |   0      |   0      |
| S                             | CHEM                |      0      |     0.9848 |   0.0468 |   0.1539 |   0      |   0      |   0      |
| Sb                            | CHEM                |      0      |     0.895  |   0.0088 |   0.0464 |   0      |   0      |   0      |
| Sc                            | CHEM                |      0      |     0.1722 |   0.0004 |   0.0055 |   0      |   0      |   0      |
| Se                            | CHEM                |      0      |     1      |   0.0579 |   0.1763 |   0      |   0      |   0      |
| Si                            | CHEM                |      0      |     0.6487 |   0.0252 |   0.0642 |   0      |   0      |   0      |
| Sm                            | CHEM                |      0      |     0.2047 |   0.0001 |   0.0038 |   0      |   0      |   0      |
| Sn                            | CHEM                |      0      |     0.601  |   0.0026 |   0.0208 |   0      |   0      |   0      |
| Sr                            | CHEM                |      0      |     0.3961 |   0.0044 |   0.0239 |   0      |   0      |   0      |
| Ta                            | CHEM                |      0      |     0.2424 |   0.0009 |   0.0094 |   0      |   0      |   0      |
| Tb                            | CHEM                |      0      |     0.2267 |   0.0001 |   0.0033 |   0      |   0      |   0      |
| Te                            | CHEM                |      0      |     0.9999 |   0.0486 |   0.1303 |   0      |   0      |   0      |
| Ti                            | CHEM                |      0      |     0.3048 |   0.0042 |   0.0218 |   0      |   0      |   0      |
| Tl                            | CHEM                |      0      |     0.6643 |   0.0062 |   0.0392 |   0      |   0      |   0      |
| Tm                            | CHEM                |      0      |     0.1192 |   0      |   0.0017 |   0      |   0      |   0      |
| V                             | CHEM                |      0      |     0.2857 |   0.0102 |   0.0423 |   0      |   0      |   0      |
| W                             | CHEM                |      0      |     0.25   |   0.0021 |   0.0149 |   0      |   0      |   0      |
| Y                             | CHEM                |      0      |     0.3982 |   0.0009 |   0.0098 |   0      |   0      |   0      |
| Yb                            | CHEM                |      0      |     0.1453 |   0.0001 |   0.0029 |   0      |   0      |   0      |
| Zn                            | CHEM                |      0      |     0.434  |   0.009  |   0.0359 |   0      |   0      |   0      |
| Zr                            | CHEM                |      0      |     0.272  |   0.0017 |   0.014  |   0      |   0      |   0      |
| H_Tx                          | GS_parameters       |     -0.3333 |     1.3998 |   0.1899 |   0.1404 |   0.1695 |   0.1052 |   0.2519 |
| Kh_Tc                         | GS_parameters       | -15442      | 49189.6    |   1.1311 | 242.193  |   0.5339 |   0.265  |   0.9804 |
| Kw_Tc                         | GS_parameters       |     -0.4594 |     0.6837 |   0.1362 |   0.0788 |   0.1314 |   0.0872 |   0.179  |
| Kw_Tx                         | GS_parameters       |     -0.4013 |     0.5825 |   0.1161 |   0.08   |   0.1075 |   0.0662 |   0.1568 |
| gamma_Tc                      | GS_parameters       |      0.1666 |     0.806  |   0.4687 |   0.0588 |   0.4697 |   0.4341 |   0.5041 |
| jezica                        | GS_parameters       |      0      | 74466.8    |   7.4316 | 526.749  |   0      |   0      |   0.0003 |
| W|FusionEnthalpy|sum          | weighted_properties |      0.7557 |    38.4995 |   9.7544 |   4.7212 |   9.1128 |   5.7875 |  13.0014 |
| W|GSbandgap|sum               | weighted_properties |      0      |     5.4098 |   0.4253 |   0.4287 |   0.3114 |   0.1137 |   0.5346 |
| W|GSvolume_pa|mean            | weighted_properties |      1.6695 |    25.92   |   4.8356 |   2.2588 |   4.0394 |   3.2441 |   5.9112 |
| W|NdUnfilled|max              | weighted_properties |      0      |     3.5841 |   0.2292 |   0.4192 |   0      |   0      |   0.2997 |
| W|NdValence|mean              | weighted_properties |      0      |    10      |   0.8002 |   0.9933 |   0.463  |   0.0817 |   0.9693 |
| W|NpUnfilled|sum              | weighted_properties |      0.5    |     4.25   |   2.1313 |   0.5591 |   2.1609 |   1.7692 |   2.5455 |
| W|NpValence|mean              | weighted_properties |      0.3346 |     4      |   0.8053 |   0.2071 |   0.7533 |   0.6674 |   0.8907 |
| W|NsValence|sum               | weighted_properties |      1.3337 |     2      |   1.9386 |   0.1028 |   2      |   1.9015 |   2      |
| W|atomic_radius_rahm|mean     | weighted_properties |     23.0422 |   234      |  53.5604 |  11.8072 |  49.3572 |  47.9303 |  56.0115 |
| W|covalent_radius_cordero|std | weighted_properties |      0      |    68.9872 |  15.7617 |   7.0852 |  13.9902 |  11.6054 |  17.6162 |
| W|num_oxistates|mean          | weighted_properties |      0.1458 |     3      |   0.4755 |   0.2631 |   0.3696 |   0.302  |   0.5467 |
| A|FusionEnthalpy|mean         | absolute_properties |      1.7497 |    37.325  |  14.5928 |   5.3519 |  15.117  |  10.61   |  17.925  |
| A|GSbandgap|std               | absolute_properties |      0      |     3.043  |   0.5316 |   0.3358 |   0.6245 |   0.2842 |   0.7036 |
| A|NUnfilled|sum               | absolute_properties |      1      |    33      |  11.3526 |   4.1684 |  11      |   8      |  14      |
| A|en_Martynov_Batsanov|std    | absolute_properties |      0      |     3.3176 |   1.8972 |   0.6098 |   2.0658 |   1.6592 |   2.3007 |
| A|melting_point|std           | absolute_properties |      0      |  1812.6    | 667.596  | 322.862  | 631.039  | 370.902  | 945.296  |
| A|num_oxistates|max           | absolute_properties |      1      |     8      |   3.1504 |   1.1604 |   3      |   3      |   4      |
| A|num_oxistates|std           | absolute_properties |      0      |     2.8614 |   0.8259 |   0.4728 |   0.8292 |   0.4714 |   1      |
| A|pettifor_number|sum         | absolute_properties |     84      |   590      | 294.687  |  59.1999 | 281      | 258      | 336      |
| A|vdw_radius_uff|std          | absolute_properties |      0      |    87.6778 |  43.3971 |  17.0355 |  45.1968 |  34.6937 |  55.3389 |